0.7559999823570251
0.7540000081062317
0.734000027179718
0.7429999709129333
0.699999988079071
0.7519999742507935
0.7570000290870667
0.699999988079071
0.699999988079071
0.699999988079071
0.7860000133514404
0.7300000190734863
0.777999997138977
0.7580000162124634
0.7549999952316284
0.7699999809265137
0.699999988079071
0.7450000047683716
0.7120000123977661
0.753000020980835
0.699999988079071
0.7459999918937683
0.7680000066757202
0.7350000143051147
0.7710000276565552
0.7519999742507935
0.7599999904632568
0.7649999856948853
0.7120000123977661
0.753000020980835
0.7559999823570251
0.777999997138977
0.7820000052452087
0.699999988079071
0.7549999952316284
0.7229999899864197
0.7139999866485596
0.7599999904632568
0.7390000224113464
0.7739999890327454
0.7820000052452087
0.7009999752044678
0.7540000081062317
0.7609999775886536
0.7620000243186951
0.746999979019165
0.7649999856948853
0.746999979019165
0.699999988079071
