0.7620000243186951
0.7609999775886536
0.7429999709129333
0.7609999775886536
0.7590000033378601
0.7870000004768372
0.7689999938011169
0.7739999890327454
0.7590000033378601
0.7570000290870667
0.699999988079071
0.7620000243186951
0.7440000176429749
0.7519999742507935
0.7170000076293945
0.7570000290870667
0.7649999856948853
0.7799999713897705
0.699999988079071
0.7540000081062317
0.7110000252723694
0.7720000147819519
0.746999979019165
0.7459999918937683
0.7559999823570251
0.7739999890327454
0.7770000100135803
0.7739999890327454
0.7649999856948853
0.753000020980835
0.7540000081062317
0.7179999947547913
0.7419999837875366
0.7720000147819519
0.7440000176429749
0.7710000276565552
0.7609999775886536
0.7789999842643738
0.7509999871253967
0.765999972820282
0.7609999775886536
0.7450000047683716
0.7110000252723694
0.7509999871253967
0.7609999775886536
0.7590000033378601
0.75
0.7639999985694885
0.7639999985694885
0.7760000228881836
0.7540000081062317
0.7580000162124634
0.7620000243186951
0.7590000033378601
0.7919999957084656
0.7570000290870667
0.7749999761581421
0.7549999952316284
0.7409999966621399
0.7739999890327454
0.7540000081062317
0.7369999885559082
0.7730000019073486
0.699999988079071
0.7609999775886536
0.7710000276565552
0.699999988079071
0.699999988079071
0.699999988079071
0.7599999904632568
0.7710000276565552
0.7239999771118164
0.75
0.781000018119812
0.7720000147819519
