0.7559999823570251
0.699999988079071
0.7699999809265137
0.7649999856948853
0.7839999794960022
0.7409999966621399
0.7559999823570251
0.7099999785423279
0.7459999918937683
0.746999979019165
0.7570000290870667
0.7570000290870667
0.7580000162124634
0.7689999938011169
0.7749999761581421
0.699999988079071
0.7120000123977661
0.699999988079071
0.7519999742507935
0.7549999952316284
0.7860000133514404
0.7639999985694885
0.7570000290870667
0.7319999933242798
0.699999988079071
0.7490000128746033
0.7549999952316284
0.7879999876022339
0.753000020980835
0.7419999837875366
0.7599999904632568
0.7689999938011169
0.699999988079071
0.7860000133514404
0.7689999938011169
0.753000020980835
0.7760000228881836
0.7540000081062317
0.7179999947547913
0.7540000081062317
0.7599999904632568
0.699999988079071
0.7620000243186951
0.7390000224113464
0.7570000290870667
0.7620000243186951
0.7559999823570251
0.7559999823570251
0.699999988079071
0.699999988079071
0.7400000095367432
0.7860000133514404
0.7549999952316284
0.7480000257492065
0.7900000214576721
0.7699999809265137
0.699999988079071
0.7789999842643738
0.699999988079071
0.7580000162124634
0.699999988079071
0.7749999761581421
0.7599999904632568
0.7390000224113464
0.7580000162124634
0.699999988079071
0.7699999809265137
0.7570000290870667
0.7720000147819519
0.777999997138977
0.7549999952316284
0.7559999823570251
0.7509999871253967
0.699999988079071
0.7490000128746033
