0.734000027179718
0.7549999952316284
0.7379999756813049
0.7599999904632568
0.7599999904632568
0.7720000147819519
0.7609999775886536
0.7250000238418579
0.7889999747276306
0.777999997138977
0.7699999809265137
0.7839999794960022
0.7099999785423279
0.753000020980835
0.7760000228881836
0.75
0.7789999842643738
0.7519999742507935
0.7509999871253967
0.7289999723434448
0.7269999980926514
0.7760000228881836
0.7860000133514404
0.7559999823570251
0.7590000033378601
0.7390000224113464
0.7179999947547913
0.7649999856948853
0.7599999904632568
0.75
0.7490000128746033
0.7749999761581421
0.7710000276565552
0.7649999856948853
0.7649999856948853
0.7590000033378601
0.7829999923706055
0.7580000162124634
0.7689999938011169
0.7649999856948853
0.7450000047683716
0.7490000128746033
0.7590000033378601
0.753000020980835
0.7549999952316284
0.7639999985694885
0.7229999899864197
0.7519999742507935
0.7089999914169312
0.7540000081062317
