0.7400000095367432
0.7699999809265137
0.7450000047683716
0.7570000290870667
0.765999972820282
0.7689999938011169
0.7300000190734863
0.7720000147819519
0.7210000157356262
0.7519999742507935
0.699999988079071
0.699999988079071
0.7670000195503235
0.7089999914169312
0.7820000052452087
0.75
0.7599999904632568
0.7620000243186951
0.7440000176429749
0.699999988079071
0.7789999842643738
0.7580000162124634
0.7580000162124634
0.7490000128746033
0.7599999904632568
0.7329999804496765
0.753000020980835
0.7099999785423279
0.7570000290870667
0.699999988079071
0.7559999823570251
0.7850000262260437
0.7289999723434448
0.7749999761581421
0.7789999842643738
0.699999988079071
0.753000020980835
0.7450000047683716
0.7879999876022339
0.7549999952316284
0.7549999952316284
0.7609999775886536
0.7519999742507935
0.753000020980835
0.7239999771118164
0.7490000128746033
0.7549999952316284
0.7519999742507935
0.7720000147819519
0.7789999842643738
